p_01 -0.016 -1.850 25.327 -40.003 -1.850 -59.687 -0.025 -1.850 -104.675 39.978 -1.850 -104.673
p_02 -0.016 -1.867 25.330 -40.006 -1.867 -59.680 -0.035 -1.867 -104.667 39.967 -1.867 -104.672
p_03 -0.023 -1.861 25.330 -39.994 -1.861 -59.693 -0.010 -1.861 -104.672 39.998 -1.861 -104.664
p_04 -0.008 -1.821 25.330 -40.008 -1.821 -59.675 -0.039 -1.821 -104.670 39.965 -1.821 -104.676
p_05 -0.003 -1.886 25.330 -40.001 -1.886 -59.681 -0.026 -1.886 -104.674 39.979 -1.886 -104.676
p_06 -0.018 -1.880 25.331 -39.999 -1.880 -59.686 -0.019 -1.880 -104.670 39.985 -1.880 -104.665
p_07 -0.018 -1.871 25.340 -40.006 -1.871 -59.672 -0.032 -1.871 -104.659 39.974 -1.871 -104.660
p_08 -0.007 -1.875 25.342 -39.994 -1.875 -59.675 -0.012 -1.875 -104.657 39.991 -1.875 -104.655
p_09 -0.053 -1.885 25.348 -40.016 -1.885 -59.682 0.002 -1.885 -104.655 39.998 -1.885 -104.633
p_10 0.016 -1.853 25.365 -40.000 -1.853 -59.640 -0.032 -1.853 -104.636 39.972 -1.853 -104.650
p_11 -0.056 -1.893 25.319 -39.960 -1.893 -59.734 0.061 -1.893 -104.678 40.068 -1.893 -104.640
p_12 -0.011 -1.877 25.336 -40.020 -1.877 -59.662 -0.060 -1.877 -104.662 39.943 -1.877 -104.675
p_13 -0.003 -1.844 25.325 -40.011 -1.844 -59.678 -0.045 -1.844 -104.676 39.959 -1.844 -104.683
p_14 0.020 -1.840 25.345 -40.011 -1.840 -59.647 -0.052 -1.840 -104.654 39.949 -1.840 -104.678
p_15 -0.026 -1.874 25.326 -40.000 -1.874 -59.692 -0.018 -1.874 -104.670 39.986 -1.874 -104.665
p_16 -0.014 -1.855 25.330 -40.006 -1.855 -59.677 -0.033 -1.855 -104.671 39.970 -1.855 -104.680
p_17 -0.032 -1.892 25.346 -39.982 -1.892 -59.682 0.012 -1.892 -104.651 40.015 -1.892 -104.636
p_18 -0.014 -1.883 25.355 -39.994 -1.883 -59.661 -0.013 -1.883 -104.645 39.989 -1.883 -104.641
p_19 -0.032 -1.889 25.317 -39.975 -1.889 -59.718 0.028 -1.889 -104.682 40.032 -1.889 -104.661
p_20 -0.037 -1.848 25.321 -40.017 -1.848 -59.696 -0.036 -1.848 -104.680 39.968 -1.848 -104.674
p_21 -0.026 -1.821 25.336 -39.997 -1.821 -59.688 -0.006 -1.821 -104.666 39.998 -1.821 -104.659
p_22 -0.011 -1.850 25.332 -40.008 -1.850 -59.676 -0.034 -1.850 -104.666 39.966 -1.850 -104.671
p_23 -0.025 -1.846 25.346 -40.000 -1.846 -59.675 -0.011 -1.846 -104.658 39.993 -1.846 -104.653
p_24 -0.030 -1.870 25.330 -40.007 -1.870 -59.693 -0.017 -1.870 -104.674 39.988 -1.870 -104.666
p_25 -0.005 -1.848 25.328 -40.025 -1.848 -59.673 -0.062 -1.848 -104.675 39.943 -1.848 -104.690
p_26 -0.014 -1.867 25.319 -40.008 -1.867 -59.694 -0.030 -1.867 -104.682 39.974 -1.867 -104.683
p_27 -0.017 -1.862 25.333 -39.969 -1.862 -59.697 0.027 -1.862 -104.668 40.030 -1.862 -104.657
p_28 0.014 -1.870 25.327 -40.029 -1.870 -59.661 -0.082 -1.870 -104.673 39.922 -1.870 -104.699
p_29 0.005 -1.856 25.331 -40.024 -1.856 -59.664 -0.069 -1.856 -104.669 39.936 -1.856 -104.688
p_30 -0.026 -1.866 25.325 -40.005 -1.866 -59.693 -0.021 -1.866 -104.674 39.984 -1.866 -104.668
p_31 -0.021 -1.851 25.335 -40.014 -1.851 -59.679 -0.037 -1.851 -104.669 39.968 -1.851 -104.669
